[0,0,0] 1.80469
[1,0,0] 0.0854492
[2,0,0] 0.32373
[3,0,0] -0.125244
[4,0,0] -0.905273
[5,0,0] 0.919922
[6,0,0] -0.0654297
[7,0,0] -2.80859
[8,0,0] 0.0170898
[9,0,0] 1.74707
[10,0,0] 0.282959
[11,0,0] 0.56543
[12,0,0] 0.193726
[13,0,0] 1.58887
[14,0,0] 0.401367
[15,0,0] 1.21777
[16,0,0] 0.101868
[17,0,0] -0.492676
[18,0,0] -0.406738
[19,0,0] -0.801758
[20,0,0] -1.71387
[21,0,0] 1.30664
[22,0,0] -0.34668
[23,0,0] 0.0951538
[24,0,0] -0.291748
[25,0,0] 0.280029
[26,0,0] -0.446533
[27,0,0] 0.169434
[28,0,0] 0.452881
[29,0,0] 0.0739746
[30,0,0] 0.648926
[31,0,0] 1.01953
[32,0,0] 2.13672
[33,0,0] -1.27832
[34,0,0] -0.30835
[35,0,0] 0.0515137
[36,0,0] 2.05273
[37,0,0] -0.126709
[38,0,0] 0.42627
[39,0,0] -0.465088
[40,0,0] -1.15527
[41,0,0] -1.55176
[42,0,0] 1.40723
[43,0,0] -0.361816
[44,0,0] 0.75
[45,0,0] 0.380859
[46,0,0] -2.10547
[47,0,0] 0.0559082
[48,0,0] 1.8125
[49,0,0] -1.31738
[50,0,0] 0.370117
[51,0,0] 0.808105
[52,0,0] 0.177002
[53,0,0] -0.0224304
[54,0,0] 0.89209
[55,0,0] -0.0888672
[56,0,0] 1.13281
[57,0,0] -1.25391
[58,0,0] -0.313965
[59,0,0] -2.1875
[60,0,0] 1.01367
[61,0,0] 0.772949
[62,0,0] -0.0947266
[63,0,0] 0.918457
[64,0,0] 0.664062
[65,0,0] 1.3418
[66,0,0] 1.01074
[67,0,0] 1.10156
[68,0,0] -0.242065
[69,0,0] 1.09375
[70,0,0] -0.818848
[71,0,0] 0.211182
[72,0,0] 0.352051
[73,0,0] 2.66211
[74,0,0] -0.305664
[75,0,0] 2.53125
[76,0,0] -2.88086
[77,0,0] 0.474121
[78,0,0] 0.039917
[79,0,0] 0.533203
[80,0,0] -0.65625
[81,0,0] 2.13281
[82,0,0] -1.83008
[83,0,0] -1.25684
[84,0,0] -0.192627
[85,0,0] 1.21875
[86,0,0] -0.255371
[87,0,0] -0.418213
[88,0,0] 1.38574
[89,0,0] -0.448486
[90,0,0] -1.45508
[91,0,0] 1.2041
[92,0,0] 0.057312
[93,0,0] -0.666504
[94,0,0] 0.00817871
[95,0,0] -0.158447
[96,0,0] 0.284668
[97,0,0] -0.805664
[98,0,0] -0.485352
[99,0,0] -0.426758
[100,0,0] -0.00463486
[101,0,0] -2.81055
[102,0,0] -1.14844
[103,0,0] -2.08984
[104,0,0] 0.288086
[105,0,0] 1.35059
[106,0,0] 1.87109
[107,0,0] -0.242798
[108,0,0] 0.0550537
[109,0,0] -0.0410156
[110,0,0] 0.255859
[111,0,0] 0.336426
[112,0,0] -0.756836
[113,0,0] 0.480225
[114,0,0] -0.851074
[115,0,0] -0.514648
[116,0,0] -0.305176
[117,0,0] -0.0235138
[118,0,0] 0.244995
[119,0,0] -0.554688
[120,0,0] 0.961914
[121,0,0] -0.231323
[122,0,0] -1.52441
[123,0,0] 0.341797
[124,0,0] 0.247559
[125,0,0] -0.493652
[126,0,0] 1.7793
[127,0,0] -0.597656
[128,0,0] -1.88086
[129,0,0] -0.19165
[130,0,0] 0.409668
[131,0,0] 0.491699
[132,0,0] -0.442871
[133,0,0] -0.102539
[134,0,0] 0.262207
[135,0,0] 0.0204773
[136,0,0] 0.36792
[137,0,0] 0.362305
[138,0,0] 0.115234
[139,0,0] 0.891113
[140,0,0] -0.0482788
[141,0,0] -0.887695
[142,0,0] -0.0592041
[143,0,0] 0.0371399
[144,0,0] -1.7373
[145,0,0] -1.75
[146,0,0] 1.20996
[147,0,0] 2.12305
[148,0,0] -0.652344
[149,0,0] 0.110107
[150,0,0] 0.229858
[151,0,0] -1.49316
[152,0,0] 2.0293
[153,0,0] -1.18555
[154,0,0] 0.334717
[155,0,0] -0.623535
[156,0,0] -0.925781
[157,0,0] -0.319092
[158,0,0] 1.26562
[159,0,0] 0.462158
[160,0,0] 0.394043
[161,0,0] -0.537598
[162,0,0] 0.90332
[163,0,0] 0.425293
[164,0,0] -0.687012
[165,0,0] 1.93945
[166,0,0] -0.82666
[167,0,0] -0.283203
[168,0,0] -2.97266
[169,0,0] 0.0955811
[170,0,0] 0.929688
[171,0,0] 0.081543
[172,0,0] 1.82812
[173,0,0] -0.138428
[174,0,0] 0.442627
[175,0,0] -0.767578
[176,0,0] -1.01074
[177,0,0] 1.37891
[178,0,0] 0.806641
[179,0,0] -1.65039
[180,0,0] 2.30469
[181,0,0] -0.710449
[182,0,0] 0.0434265
[183,0,0] 0.716309
[184,0,0] 0.300781
[185,0,0] -1.34082
[186,0,0] 0.0808105
[187,0,0] -0.288086
[188,0,0] -0.185913
[189,0,0] -0.78418
[190,0,0] -1.1748
[191,0,0] -0.691406
[192,0,0] -0.0429688
[193,0,0] -1.38379
[194,0,0] -0.634766
[195,0,0] -1.99902
[196,0,0] -0.360352
[197,0,0] 0.483887
[198,0,0] 0.378418
[199,0,0] -0.60498
[200,0,0] 1.30078
[201,0,0] -0.451172
[202,0,0] -0.356445
[203,0,0] -0.693848
[204,0,0] 1.61426
[205,0,0] 0.53125
[206,0,0] -0.385498
[207,0,0] -0.0769043
[208,0,0] -0.416992
[209,0,0] 0.268311
[210,0,0] 1.25293
[211,0,0] 0.674805
[212,0,0] 0.676758
[213,0,0] 1.62109
[214,0,0] -0.924316
[215,0,0] 0.330811
[216,0,0] -1.22559
[217,0,0] 0.963379
[218,0,0] -0.127686
[219,0,0] 0.241333
[220,0,0] 0.0461426
[221,0,0] 2.21875
[222,0,0] 1.37988
[223,0,0] -0.375
[224,0,0] 0.32959
[225,0,0] 1.1748
[226,0,0] 0.233521
[227,0,0] -0.053772
[228,0,0] 1.34863
[229,0,0] 1.05078
[230,0,0] 0.235352
[231,0,0] -1.53027
[232,0,0] -0.381836
[233,0,0] 1.31836
[234,0,0] 1.01465
[235,0,0] 0.341553
[236,0,0] -0.214233
[237,0,0] 0.0854492
[238,0,0] -0.329102
[239,0,0] 0.590332
[240,0,0] -1.50098
[241,0,0] -0.956055
[242,0,0] -1.7998
[243,0,0] -1.69727
[244,0,0] 0.0132446
[245,0,0] 0.28418
[246,0,0] 1.2793
[247,0,0] -0.537598
[248,0,0] -0.104736
[249,0,0] 1.48535
[250,0,0] -0.580078
[251,0,0] -1.40625
[252,0,0] 0.00883484
[253,0,0] -1.62305
[254,0,0] 2.42188
[255,0,0] -0.750977
[256,0,0] 0.395996
[257,0,0] 0.635742
[258,0,0] 0.522949
[259,0,0] 0.25708
[260,0,0] 0.167236
[261,0,0] 0.43335
[262,0,0] 1.7373
[263,0,0] -0.189209
[264,0,0] 0.786621
[265,0,0] -0.320801
[266,0,0] 0.264648
[267,0,0] -0.479736
[268,0,0] 1.23242
[269,0,0] 1.1543
[270,0,0] -0.337891
[271,0,0] 0.223633
[272,0,0] 0.0128174
[273,0,0] -0.352539
[274,0,0] -1.43652
[275,0,0] -0.290527
[276,0,0] -0.879883
[277,0,0] -0.482422
[278,0,0] 1.63379
[279,0,0] 1.21191
[280,0,0] -1.33984
[281,0,0] 0.651367
[282,0,0] 0.589355
[283,0,0] 0.297119
[284,0,0] -0.233154
[285,0,0] -1.58008
[286,0,0] 0.119568
[287,0,0] 3.27734
[288,0,0] -0.0877686
[289,0,0] 0.0924072
[290,0,0] 0.0265656
[291,0,0] -0.277588
[292,0,0] -0.883789
[293,0,0] -1.62695
[294,0,0] -0.0898438
[295,0,0] -1.1875
[296,0,0] 0.925293
[297,0,0] -0.312988
[298,0,0] 0.0297852
[299,0,0] 0.927246
[300,0,0] 0.245239
[301,0,0] -0.136353
[302,0,0] -0.59082
[303,0,0] 0.078064
[304,0,0] 1.65625
[305,0,0] -0.608887
[306,0,0] 0.169312
[307,0,0] 0.622559
[308,0,0] -0.0165405
[309,0,0] -1.12695
[310,0,0] 0.354004
[311,0,0] -0.415283
[312,0,0] -0.592285
[313,0,0] -0.586426
[314,0,0] 0.66748
[315,0,0] -0.73584
[316,0,0] -0.23291
[317,0,0] 0.663574
[318,0,0] -0.947266
[319,0,0] -0.439697
[320,0,0] -0.89502
[321,0,0] 1.07617
[322,0,0] -1.99023
[323,0,0] -1.27148
[324,0,0] 0.646973
[325,0,0] 0.0170898
[326,0,0] -0.423828
[327,0,0] 0.323242
[328,0,0] 0.813477
[329,0,0] -0.427979
[330,0,0] 2.88477
[331,0,0] -1.32129
[332,0,0] 0.679199
[333,0,0] 1.8252
[334,0,0] -0.724609
[335,0,0] 1.26562
[336,0,0] 0.23584
[337,0,0] 0.363281
[338,0,0] 0.734863
[339,0,0] 0.10022
[340,0,0] -0.637695
[341,0,0] 0.281006
[342,0,0] -0.0720215
[343,0,0] 0.0579834
[344,0,0] 1.61914
[345,0,0] 0.140503
[346,0,0] 0.746094
[347,0,0] 0.307373
[348,0,0] 1.59375
[349,0,0] 0.06604
[350,0,0] -0.00921631
[351,0,0] -0.602051
[352,0,0] 1.49805
[353,0,0] 1.01855
[354,0,0] -0.0939941
[355,0,0] 0.39209
[356,0,0] 0.192627
[357,0,0] 0.403809
[358,0,0] -1.48242
[359,0,0] 0.947266
[360,0,0] 0.0604553
[361,0,0] -0.0904541
[362,0,0] -0.85498
[363,0,0] 1.19238
[364,0,0] 0.800293
[365,0,0] -1.68164
[366,0,0] -0.699219
[367,0,0] -0.36084
[368,0,0] 0.362549
[369,0,0] 0.329834
[370,0,0] 0.405762
[371,0,0] -0.119629
[372,0,0] 0.54541
[373,0,0] 0.608398
[374,0,0] -0.28833
[375,0,0] -0.00854492
[376,0,0] 0.265137
[377,0,0] -1.30859
[378,0,0] 0.125488
[379,0,0] 0.877441
[380,0,0] -0.289795
[381,0,0] -1.80371
[382,0,0] 0.272705
[383,0,0] -0.446777
[384,0,0] -0.611328
[385,0,0] 0.487793
[386,0,0] -1.10156
[387,0,0] 1.0918
[388,0,0] 0.286621
[389,0,0] -0.313477
[390,0,0] -0.625488
[391,0,0] -1.06055
[392,0,0] -0.869141
[393,0,0] -0.0888062
[394,0,0] -0.5625
[395,0,0] -1.41016
[396,0,0] 1.56543
[397,0,0] -0.173096
[398,0,0] 0.231689
[399,0,0] 1.53027
[400,0,0] 1.17871
[401,0,0] 0.796875
[402,0,0] 0.472656
[403,0,0] 0.369873
[404,0,0] 0.770508
[405,0,0] -1.34766
[406,0,0] 0.354248
[407,0,0] 0.0620422
[408,0,0] -0.901855
[409,0,0] 2.38281
[410,0,0] -1.07812
[411,0,0] -2.4043
[412,0,0] -0.653809
[413,0,0] -0.420898
[414,0,0] -0.384521
[415,0,0] -0.0410767
[416,0,0] 0.234497
[417,0,0] -1.99512
[418,0,0] 1.28711
[419,0,0] 2.81641
[420,0,0] 0.126465
[421,0,0] 0.0498047
[422,0,0] -1.25781
[423,0,0] -0.912598
[424,0,0] 2.1875
[425,0,0] -1.02051
[426,0,0] -0.309326
[427,0,0] -0.0195312
[428,0,0] -0.0767822
[429,0,0] 0.593262
[430,0,0] -0.421875
[431,0,0] -0.965332
[432,0,0] -0.252686
[433,0,0] 1.24023
[434,0,0] 2.0293
[435,0,0] 0.0354309
[436,0,0] -1.8584
[437,0,0] -0.318604
[438,0,0] 0.671875
[439,0,0] 0.630859
[440,0,0] -0.787109
[441,0,0] -0.90625
[442,0,0] -0.725586
[443,0,0] 2.6582
[444,0,0] -0.832031
[445,0,0] 1.16895
[446,0,0] 3.20508
[447,0,0] -1.10742
[448,0,0] -0.316162
[449,0,0] -0.843262
[450,0,0] 0.00251007
[451,0,0] -2.74023
[452,0,0] -0.572266
[453,0,0] -0.768066
[454,0,0] 1.04199
[455,0,0] 1.5332
[456,0,0] -0.928711
[457,0,0] -0.355957
[458,0,0] -0.312988
[459,0,0] 0.572754
[460,0,0] -0.22229
[461,0,0] 0.361572
[462,0,0] -1.05176
[463,0,0] -1.81738
[464,0,0] 0.831055
[465,0,0] -1.25879
[466,0,0] 0.338135
[467,0,0] -0.190186
[468,0,0] 0.875977
[469,0,0] -0.554688
[470,0,0] -0.311279
[471,0,0] 1.30176
[472,0,0] 1.08984
[473,0,0] -0.212036
[474,0,0] -1.13965
[475,0,0] 0.807129
[476,0,0] -0.383789
[477,0,0] -0.248291
[478,0,0] 0.738281
[479,0,0] -1.92578
[480,0,0] -0.821289
[481,0,0] 1.82617
[482,0,0] -1.36328
[483,0,0] -0.731445
[484,0,0] -0.251953
[485,0,0] -0.78125
[486,0,0] 0.716797
[487,0,0] 2.49414
[488,0,0] -0.403076
[489,0,0] -0.234131
[490,0,0] -0.700684
[491,0,0] -0.480957
[492,0,0] -0.204102
[493,0,0] -0.350586
[494,0,0] -0.00800323
[495,0,0] -2.03906
[496,0,0] -0.0566101
[497,0,0] -0.789551
[498,0,0] 0.945312
[499,0,0] 2.87305
[500,0,0] 0.874023
[501,0,0] 0.333496
[502,0,0] 0.193237
[503,0,0] 0.504395
[504,0,0] -0.124023
[505,0,0] 0.885742
[506,0,0] 0.859863
[507,0,0] -0.0778809
[508,0,0] 0.33374
[509,0,0] -0.0874023
[510,0,0] -1.54883
[511,0,0] -1.68359
[512,0,0] 0.26709
[513,0,0] 0.33252
[514,0,0] 0.0139465
[515,0,0] 0.0643311
[516,0,0] -0.11554
[517,0,0] -1.26367
[518,0,0] 0.238281
[519,0,0] -0.11499
[520,0,0] -0.688965
[521,0,0] -1.64453
[522,0,0] -0.0463867
[523,0,0] -0.272949
[524,0,0] 0.412109
[525,0,0] 0.48877
[526,0,0] 0.269531
[527,0,0] -0.958008
[528,0,0] 0.787598
[529,0,0] 0.21167
[530,0,0] -1.35254
[531,0,0] 0.982422
[532,0,0] 1.69824
[533,0,0] -0.80957
[534,0,0] 0.423096
[535,0,0] -0.130737
[536,0,0] -0.891113
[537,0,0] -1.53711
[538,0,0] -1.32422
[539,0,0] 2.2168
[540,0,0] -0.481201
[541,0,0] 0.314453
[542,0,0] 0.201538
[543,0,0] -1.54688
[544,0,0] -0.947754
[545,0,0] -0.233887
[546,0,0] -0.479248
[547,0,0] -0.270996
[548,0,0] 0.424316
[549,0,0] -1.30176
[550,0,0] 0.222656
[551,0,0] -0.668945
[552,0,0] -2.04102
[553,0,0] 0.0429688
[554,0,0] -0.856934
[555,0,0] -1.16797
[556,0,0] 1.49512
[557,0,0] 0.883301
[558,0,0] -1.7793
[559,0,0] -0.504395
[560,0,0] -1.30176
[561,0,0] 0.0358276
[562,0,0] 0.762695
[563,0,0] -0.952148
[564,0,0] 0.293701
[565,0,0] 0.180908
[566,0,0] -0.371094
[567,0,0] -2.14648
[568,0,0] -1.67383
[569,0,0] 1.49121
[570,0,0] 0.141235
[571,0,0] 0.0306396
[572,0,0] 0.72998
[573,0,0] 2.32422
[574,0,0] -0.166504
[575,0,0] 1.45996
[576,0,0] 0.387207
[577,0,0] 0.118774
[578,0,0] -0.313965
[579,0,0] -0.0390625
[580,0,0] 0.128296
[581,0,0] -0.244019
[582,0,0] 0.35791
[583,0,0] 0.0523682
[584,0,0] 1.20215
[585,0,0] -0.0163574
[586,0,0] -0.572266
[587,0,0] -0.133911
[588,0,0] 0.045166
[589,0,0] 0.28418
[590,0,0] 0.262451
[591,0,0] 0.0782471
[592,0,0] 0.544922
[593,0,0] -0.443359
[594,0,0] 1.70703
[595,0,0] 1.78809
[596,0,0] 0.656738
[597,0,0] 1.54688
[598,0,0] 1.12109
[599,0,0] 0.782227
[600,0,0] 0.847656
[601,0,0] -0.342773
[602,0,0] 0.115906
[603,0,0] 0.0959473
[604,0,0] 1.45215
[605,0,0] -0.0215759
[606,0,0] -0.161621
[607,0,0] -0.936035
[608,0,0] 2.97852
[609,0,0] 2.27344
[610,0,0] 0.331543
[611,0,0] -1.1543
[612,0,0] 0.319336
[613,0,0] -1.00195
[614,0,0] -0.475342
[615,0,0] 0.250488
[616,0,0] -0.845215
[617,0,0] -0.258789
[618,0,0] 0.870605
[619,0,0] -0.00200844
[620,0,0] -1.49121
[621,0,0] 0.742188
[622,0,0] 0.78418
[623,0,0] 0.0544434
[624,0,0] 0.10437
[625,0,0] -0.264648
[626,0,0] -0.342041
[627,0,0] -0.923828
[628,0,0] 0.0710449
[629,0,0] 0.00378418
[630,0,0] -0.0606689
[631,0,0] -0.0308838
[632,0,0] 1.03125
[633,0,0] -0.949219
[634,0,0] -0.198242
[635,0,0] 0.450684
[636,0,0] -0.431641
[637,0,0] 0.342773
[638,0,0] 0.474365
[639,0,0] 1.26172
[640,0,0] 0.69043
[641,0,0] 1.05176
[642,0,0] -0.620605
[643,0,0] 0.40918
[644,0,0] -0.594727
[645,0,0] -1.0957
[646,0,0] -1.41797
[647,0,0] 1
[648,0,0] -0.0507812
[649,0,0] 1.18457
[650,0,0] 0.429688
[651,0,0] -0.482422
[652,0,0] 3.24805
[653,0,0] -0.145142
[654,0,0] -0.0810547
[655,0,0] 0.970215
[656,0,0] -0.962402
[657,0,0] -1.4834
[658,0,0] -1.38086
[659,0,0] 0.514648
[660,0,0] -1.25684
[661,0,0] -0.351318
[662,0,0] -0.263428
[663,0,0] -0.56543
[664,0,0] -0.330078
[665,0,0] 0.201904
[666,0,0] -0.371826
[667,0,0] 0.847656
[668,0,0] -0.407715
[669,0,0] 0.32959
[670,0,0] -0.493164
[671,0,0] -2.41992
[672,0,0] -0.116699
[673,0,0] 0.649414
[674,0,0] -0.324707
[675,0,0] 3.3418
[676,0,0] 0.479736
[677,0,0] -0.124634
[678,0,0] 0.221436
[679,0,0] 0.762695
[680,0,0] -0.580078
[681,0,0] 2.51758
[682,0,0] 1.12891
[683,0,0] 1.73633
[684,0,0] -0.890137
[685,0,0] 1.93164
[686,0,0] 0.43042
[687,0,0] -0.692383
[688,0,0] -0.395508
[689,0,0] -0.129883
[690,0,0] -1.32227
[691,0,0] -0.977539
[692,0,0] 0.124268
[693,0,0] -0.110107
[694,0,0] -0.466064
[695,0,0] -0.419434
[696,0,0] -0.329346
[697,0,0] 1.5459
[698,0,0] -0.32373
[699,0,0] 1.47852
[700,0,0] 2.15625
[701,0,0] 0.351074
[702,0,0] -0.357422
[703,0,0] 0.0662842
[704,0,0] -0.398926
[705,0,0] 1.07129
[706,0,0] -0.466309
[707,0,0] -0.726562
[708,0,0] -1.14453
[709,0,0] -1.12598
[710,0,0] -1.51074
[711,0,0] 1.78027
[712,0,0] 1.29004
[713,0,0] 1.58105
[714,0,0] -0.175537
[715,0,0] -0.854492
[716,0,0] -0.178467
[717,0,0] 0.634766
[718,0,0] -2.35547
[719,0,0] -0.67334
[720,0,0] 1.8252
[721,0,0] 0.507324
[722,0,0] 0.122375
[723,0,0] -0.311523
[724,0,0] 0.485107
[725,0,0] -0.485352
[726,0,0] -0.0330505
[727,0,0] 1.56836
[728,0,0] -0.853516
[729,0,0] 1.0498
[730,0,0] -0.565918
[731,0,0] -1.02344
[732,0,0] -1.0498
[733,0,0] 0.536133
[734,0,0] -0.852051
[735,0,0] 0.51123
[736,0,0] -0.954102
[737,0,0] 0.162354
[738,0,0] 0.572266
[739,0,0] 0.396729
[740,0,0] -0.806641
[741,0,0] -0.147217
[742,0,0] -0.113342
[743,0,0] 1.35547
[744,0,0] 1.3418
[745,0,0] -0.797363
[746,0,0] -0.146362
[747,0,0] 1.05566
[748,0,0] -0.148315
[749,0,0] -0.0316162
[750,0,0] 0.0661621
[751,0,0] -0.581543
[752,0,0] 0.187256
[753,0,0] -0.602051
[754,0,0] -0.395752
[755,0,0] -1.15625
[756,0,0] 0.492188
[757,0,0] -2.14062
[758,0,0] 0.491699
[759,0,0] 1.74121
[760,0,0] -0.218506
[761,0,0] 0.720703
[762,0,0] 0.52832
[763,0,0] -0.330566
[764,0,0] -0.346191
[765,0,0] -0.279053
[766,0,0] -1.26758
[767,0,0] -1.54004
[768,0,0] -1.41016
[769,0,0] -0.231323
[770,0,0] 0.484131
[771,0,0] 0
[772,0,0] 0.510742
[773,0,0] -0.0623169
[774,0,0] 0.489746
[775,0,0] -1.00195
[776,0,0] -0.264893
[777,0,0] 1.11621
[778,0,0] 0.79248
[779,0,0] 0.654785
[780,0,0] 1.10547
[781,0,0] -0.281982
[782,0,0] 1.64355
[783,0,0] -0.586914
[784,0,0] -0.150146
[785,0,0] 0.933594
[786,0,0] 0.129517
[787,0,0] 1.40039
[788,0,0] 0.583496
[789,0,0] -0.112671
[790,0,0] 0.92041
[791,0,0] -0.332031
[792,0,0] -0.172852
[793,0,0] 0.333252
[794,0,0] 0.371338
[795,0,0] -0.552734
[796,0,0] 0.16626
[797,0,0] 0.651367
[798,0,0] 0.11145
[799,0,0] 0.741211
[800,0,0] 1.87695
[801,0,0] 0.176392
[802,0,0] -0.599609
[803,0,0] 0.0540161
[804,0,0] 1.04395
[805,0,0] 0.27417
[806,0,0] 0.610352
[807,0,0] -0.170532
[808,0,0] 0.54248
[809,0,0] 2.00586
[810,0,0] 1.64062
[811,0,0] 2.74805
[812,0,0] 1.68359
[813,0,0] 0.476074
[814,0,0] -0.536133
[815,0,0] 0.342773
[816,0,0] -0.262695
[817,0,0] -1.75
[818,0,0] 0.0935059
[819,0,0] 0.30957
[820,0,0] 0.899414
[821,0,0] 0.45459
[822,0,0] 0.907715
[823,0,0] -0.787109
[824,0,0] 1.13867
[825,0,0] -1.04102
[826,0,0] -0.598633
[827,0,0] -1.94141
[828,0,0] 0.33374
[829,0,0] 0.436035
[830,0,0] -0.218262
[831,0,0] 1.07129
[832,0,0] -0.509766
[833,0,0] -0.642578
[834,0,0] 0.226807
[835,0,0] 1.81934
[836,0,0] 0.358398
[837,0,0] -1.66699
[838,0,0] 0.788086
[839,0,0] -0.967773
[840,0,0] 0.0435791
[841,0,0] -1.02539
[842,0,0] -0.0631104
[843,0,0] -0.530273
[844,0,0] -0.998047
[845,0,0] 0.09375
[846,0,0] -0.691406
[847,0,0] 0.299072
[848,0,0] 0.224365
[849,0,0] 0.919434
[850,0,0] 0.667969
[851,0,0] -0.177124
[852,0,0] 0.274902
[853,0,0] -1.34766
[854,0,0] 0.915039
[855,0,0] 0.120789
[856,0,0] 1.35742
[857,0,0] 2.54883
[858,0,0] 0.867188
[859,0,0] 0.792969
[860,0,0] -0.137939
[861,0,0] -0.347168
[862,0,0] 0.425537
[863,0,0] 0.931641
[864,0,0] 0.710449
[865,0,0] -0.367188
[866,0,0] 0.740234
[867,0,0] -0.377197
[868,0,0] -0.447754
[869,0,0] 0.854492
[870,0,0] -0.84082
[871,0,0] -1.53613
[872,0,0] 0.750977
[873,0,0] 0.915527
[874,0,0] -0.0593262
[875,0,0] 0.400146
[876,0,0] -0.164429
[877,0,0] -2.625
[878,0,0] -0.295898
[879,0,0] -0.470215
[880,0,0] -1.95996
[881,0,0] 0.375
[882,0,0] -1.12305
[883,0,0] 0.725586
[884,0,0] 0.0286865
[885,0,0] -0.236084
[886,0,0] 0.395752
[887,0,0] -1.63477
[888,0,0] -2.55664
[889,0,0] 0.182373
[890,0,0] 2.22852
[891,0,0] -0.0234985
[892,0,0] -0.605469
[893,0,0] -0.118896
[894,0,0] -0.649902
[895,0,0] 1.31836
[896,0,0] -0.611816
[897,0,0] 1.2168
[898,0,0] 0.129639
[899,0,0] 0.0147705
[900,0,0] -0.412842
[901,0,0] 0.807129
[902,0,0] -0.0473633
[903,0,0] -1.10938
[904,0,0] -0.482178
[905,0,0] 0.340332
[906,0,0] 0.0377197
[907,0,0] -0.696777
[908,0,0] -0.84668
[909,0,0] 1.10645
[910,0,0] 0.647461
[911,0,0] -1.37207
[912,0,0] -0.600098
[913,0,0] 0.667969
[914,0,0] 0.313721
[915,0,0] 0.391602
[916,0,0] -2.01953
[917,0,0] 1.06543
[918,0,0] 1.63672
[919,0,0] 1.16895
[920,0,0] 0.762695
[921,0,0] -1.01953
[922,0,0] 0.470215
[923,0,0] -0.697266
[924,0,0] -1.64062
[925,0,0] 0.920898
[926,0,0] 1.72266
[927,0,0] 1.14844
[928,0,0] 0.146362
[929,0,0] -1.08301
[930,0,0] -0.188965
[931,0,0] -0.609375
[932,0,0] -2.25195
[933,0,0] -1.04102
[934,0,0] 0.842773
[935,0,0] 1.82227
[936,0,0] -1.7207
[937,0,0] 0.190186
[938,0,0] -2.86133
[939,0,0] 2
[940,0,0] -0.11853
[941,0,0] 1.47363
[942,0,0] -0.102539
[943,0,0] 0.873535
[944,0,0] 0.0615234
[945,0,0] -0.194336
[946,0,0] -0.782227
[947,0,0] -0.0131836
[948,0,0] -0.364014
[949,0,0] 0.70752
[950,0,0] -0.00322723
[951,0,0] 1.59668
[952,0,0] 0.35498
[953,0,0] 1.66406
[954,0,0] 1.84766
[955,0,0] 0.0797119
[956,0,0] 1.60352
[957,0,0] 0.107544
[958,0,0] 0.756836
[959,0,0] -0.839844
[960,0,0] -1.63477
[961,0,0] -1.46289
[962,0,0] 0.246094
[963,0,0] -0.0551147
[964,0,0] 0.455811
[965,0,0] 2.02344
[966,0,0] -0.645996
[967,0,0] 0.214355
[968,0,0] -1.24902
[969,0,0] -0.656738
[970,0,0] 0.733398
[971,0,0] -2.07422
[972,0,0] -0.283691
[973,0,0] -0.180176
[974,0,0] -2.37695
[975,0,0] -0.00961304
[976,0,0] 0.552734
[977,0,0] -1.00391
[978,0,0] -0.586914
[979,0,0] 0.694336
[980,0,0] -0.161621
[981,0,0] 0.513672
[982,0,0] -0.340088
[983,0,0] -0.187256
[984,0,0] 0.459473
[985,0,0] -0.0515137
[986,0,0] 0.349121
[987,0,0] -0.775391
[988,0,0] -0.187378
[989,0,0] -0.718262
[990,0,0] 0.296631
[991,0,0] -1.17383
[992,0,0] 0.566895
[993,0,0] -0.124268
[994,0,0] -0.0245972
[995,0,0] 0.190186
[996,0,0] -0.408691
[997,0,0] 0.450439
[998,0,0] -0.621582
[999,0,0] -2.4375
[1000,0,0] 0.773438
[1001,0,0] -0.199707
[1002,0,0] 1.46973
[1003,0,0] -0.0492554
[1004,0,0] -0.525391
[1005,0,0] 1.33691
[1006,0,0] 0.639648
[1007,0,0] 0.638184
[1008,0,0] 1.72266
[1009,0,0] 0.142944
[1010,0,0] -0.118774
[1011,0,0] 2.13672
[1012,0,0] 0.700684
[1013,0,0] 1.1416
[1014,0,0] -1.54395
[1015,0,0] -0.904297
[1016,0,0] 0.741699
[1017,0,0] -0.458984
[1018,0,0] 0.514648
[1019,0,0] -0.61377
[1020,0,0] 0.730469
[1021,0,0] -1.0127
[1022,0,0] -0.124634
[1023,0,0] 0.664551
