[0,0,0] 1.81641
[1,0,0] 0.103027
[2,0,0] 0.350098
[3,0,0] -0.128784
[4,0,0] -0.877441
[5,0,0] 0.921875
[6,0,0] -0.0603027
[7,0,0] -2.81836
[8,0,0] 0.00512695
[9,0,0] 1.75
[10,0,0] 0.261719
[11,0,0] 0.566895
[12,0,0] 0.193848
[13,0,0] 1.61035
[14,0,0] 0.393799
[15,0,0] 1.21484
[16,0,0] 0.0968628
[17,0,0] -0.48584
[18,0,0] -0.371094
[19,0,0] -0.822266
[20,0,0] -1.66113
[21,0,0] 1.27148
[22,0,0] -0.330078
[23,0,0] 0.102295
[24,0,0] -0.280029
[25,0,0] 0.229736
[26,0,0] -0.43042
[27,0,0] 0.166992
[28,0,0] 0.455322
[29,0,0] 0.0621338
[30,0,0] 0.654785
[31,0,0] 1.02344
[32,0,0] 2.13867
[33,0,0] -1.27148
[34,0,0] -0.310059
[35,0,0] 0.0412598
[36,0,0] 2.04492
[37,0,0] -0.123047
[38,0,0] 0.400391
[39,0,0] -0.447021
[40,0,0] -1.16504
[41,0,0] -1.54297
[42,0,0] 1.42285
[43,0,0] -0.346191
[44,0,0] 0.73877
[45,0,0] 0.380615
[46,0,0] -2.11719
[47,0,0] 0.0338135
[48,0,0] 1.83008
[49,0,0] -1.31738
[50,0,0] 0.375488
[51,0,0] 0.777832
[52,0,0] 0.185059
[53,0,0] -0.0210876
[54,0,0] 0.890137
[55,0,0] -0.0576172
[56,0,0] 1.14453
[57,0,0] -1.23828
[58,0,0] -0.295654
[59,0,0] -2.18359
[60,0,0] 1.01562
[61,0,0] 0.780273
[62,0,0] -0.104004
[63,0,0] 0.967285
[64,0,0] 0.673828
[65,0,0] 1.34375
[66,0,0] 1.02637
[67,0,0] 1.08203
[68,0,0] -0.233398
[69,0,0] 1.09473
[70,0,0] -0.822754
[71,0,0] 0.210449
[72,0,0] 0.364258
[73,0,0] 2.64453
[74,0,0] -0.291016
[75,0,0] 2.5332
[76,0,0] -2.90625
[77,0,0] 0.442627
[78,0,0] 0.0340576
[79,0,0] 0.527344
[80,0,0] -0.686523
[81,0,0] 2.11523
[82,0,0] -1.83887
[83,0,0] -1.28223
[84,0,0] -0.189209
[85,0,0] 1.23828
[86,0,0] -0.307129
[87,0,0] -0.430908
[88,0,0] 1.37988
[89,0,0] -0.450195
[90,0,0] -1.44727
[91,0,0] 1.19727
[92,0,0] 0.0818481
[93,0,0] -0.658691
[94,0,0] 0.00805664
[95,0,0] -0.0950317
[96,0,0] 0.28418
[97,0,0] -0.830566
[98,0,0] -0.478271
[99,0,0] -0.420654
[100,0,0] -0.00368118
[101,0,0] -2.80664
[102,0,0] -1.17773
[103,0,0] -2.10156
[104,0,0] 0.302246
[105,0,0] 1.3584
[106,0,0] 1.87891
[107,0,0] -0.261719
[108,0,0] 0.0601807
[109,0,0] -0.0356445
[110,0,0] 0.271973
[111,0,0] 0.335449
[112,0,0] -0.749023
[113,0,0] 0.476807
[114,0,0] -0.850586
[115,0,0] -0.505859
[116,0,0] -0.321777
[117,0,0] -0.0297241
[118,0,0] 0.257324
[119,0,0] -0.576172
[120,0,0] 0.950195
[121,0,0] -0.226929
[122,0,0] -1.5166
[123,0,0] 0.3479
[124,0,0] 0.240723
[125,0,0] -0.470703
[126,0,0] 1.77344
[127,0,0] -0.569336
[128,0,0] -1.86914
[129,0,0] -0.193848
[130,0,0] 0.381592
[131,0,0] 0.495117
[132,0,0] -0.444336
[133,0,0] -0.106934
[134,0,0] 0.27002
[135,0,0] 0.0179596
[136,0,0] 0.371826
[137,0,0] 0.361328
[138,0,0] 0.134766
[139,0,0] 0.91748
[140,0,0] -0.0388794
[141,0,0] -0.90918
[142,0,0] -0.067688
[143,0,0] 0.0969238
[144,0,0] -1.72754
[145,0,0] -1.76562
[146,0,0] 1.2002
[147,0,0] 2.1543
[148,0,0] -0.652344
[149,0,0] 0.107178
[150,0,0] 0.212769
[151,0,0] -1.50586
[152,0,0] 2.00195
[153,0,0] -1.18262
[154,0,0] 0.337158
[155,0,0] -0.642578
[156,0,0] -0.930664
[157,0,0] -0.30835
[158,0,0] 1.27246
[159,0,0] 0.461426
[160,0,0] 0.405762
[161,0,0] -0.52002
[162,0,0] 0.912109
[163,0,0] 0.444336
[164,0,0] -0.6875
[165,0,0] 1.93164
[166,0,0] -0.820312
[167,0,0] -0.279541
[168,0,0] -2.99023
[169,0,0] 0.115601
[170,0,0] 0.9375
[171,0,0] 0.083374
[172,0,0] 1.84473
[173,0,0] -0.137207
[174,0,0] 0.436523
[175,0,0] -0.780273
[176,0,0] -0.989258
[177,0,0] 1.38672
[178,0,0] 0.819336
[179,0,0] -1.63086
[180,0,0] 2.28906
[181,0,0] -0.690918
[182,0,0] 0.0444946
[183,0,0] 0.721191
[184,0,0] 0.30957
[185,0,0] -1.34766
[186,0,0] 0.0952148
[187,0,0] -0.290039
[188,0,0] -0.189941
[189,0,0] -0.78125
[190,0,0] -1.17871
[191,0,0] -0.702148
[192,0,0] -0.0175781
[193,0,0] -1.3623
[194,0,0] -0.635254
[195,0,0] -2.01172
[196,0,0] -0.332031
[197,0,0] 0.494385
[198,0,0] 0.388184
[199,0,0] -0.619141
[200,0,0] 1.29102
[201,0,0] -0.451172
[202,0,0] -0.401367
[203,0,0] -0.708496
[204,0,0] 1.60059
[205,0,0] 0.533203
[206,0,0] -0.385986
[207,0,0] -0.0715332
[208,0,0] -0.436035
[209,0,0] 0.290283
[210,0,0] 1.25195
[211,0,0] 0.66748
[212,0,0] 0.669922
[213,0,0] 1.61328
[214,0,0] -0.914062
[215,0,0] 0.326904
[216,0,0] -1.22461
[217,0,0] 0.968262
[218,0,0] -0.135864
[219,0,0] 0.247925
[220,0,0] 0.0196533
[221,0,0] 2.20508
[222,0,0] 1.38281
[223,0,0] -0.362793
[224,0,0] 0.326904
[225,0,0] 1.17188
[226,0,0] 0.25293
[227,0,0] -0.0507202
[228,0,0] 1.36621
[229,0,0] 1.01855
[230,0,0] 0.248535
[231,0,0] -1.54688
[232,0,0] -0.394043
[233,0,0] 1.30273
[234,0,0] 1.02051
[235,0,0] 0.345215
[236,0,0] -0.197021
[237,0,0] 0.0654297
[238,0,0] -0.336426
[239,0,0] 0.612305
[240,0,0] -1.50781
[241,0,0] -0.938965
[242,0,0] -1.8291
[243,0,0] -1.68555
[244,0,0] 0.0205688
[245,0,0] 0.305664
[246,0,0] 1.28027
[247,0,0] -0.527832
[248,0,0] -0.105225
[249,0,0] 1.49023
[250,0,0] -0.570312
[251,0,0] -1.39844
[252,0,0] 0.00971222
[253,0,0] -1.63281
[254,0,0] 2.41406
[255,0,0] -0.731445
[256,0,0] 0.37915
[257,0,0] 0.636719
[258,0,0] 0.53125
[259,0,0] 0.256104
[260,0,0] 0.132935
[261,0,0] 0.423584
[262,0,0] 1.71875
[263,0,0] -0.184326
[264,0,0] 0.744629
[265,0,0] -0.320312
[266,0,0] 0.274414
[267,0,0] -0.481689
[268,0,0] 1.2041
[269,0,0] 1.16406
[270,0,0] -0.360352
[271,0,0] 0.241699
[272,0,0] 0.0206299
[273,0,0] -0.368164
[274,0,0] -1.44043
[275,0,0] -0.263184
[276,0,0] -0.878418
[277,0,0] -0.483887
[278,0,0] 1.66504
[279,0,0] 1.19629
[280,0,0] -1.2959
[281,0,0] 0.646973
[282,0,0] 0.61084
[283,0,0] 0.312988
[284,0,0] -0.247803
[285,0,0] -1.58008
[286,0,0] 0.116028
[287,0,0] 3.2832
[288,0,0] -0.0949707
[289,0,0] 0.128052
[290,0,0] 0.026825
[291,0,0] -0.255615
[292,0,0] -0.901855
[293,0,0] -1.58984
[294,0,0] -0.098999
[295,0,0] -1.19727
[296,0,0] 0.940918
[297,0,0] -0.300537
[298,0,0] 0.0268555
[299,0,0] 0.927246
[300,0,0] 0.257812
[301,0,0] -0.151733
[302,0,0] -0.601074
[303,0,0] 0.0774536
[304,0,0] 1.66016
[305,0,0] -0.610352
[306,0,0] 0.173462
[307,0,0] 0.637695
[308,0,0] -0.0198364
[309,0,0] -1.11133
[310,0,0] 0.347168
[311,0,0] -0.420654
[312,0,0] -0.592285
[313,0,0] -0.614258
[314,0,0] 0.669922
[315,0,0] -0.720215
[316,0,0] -0.251465
[317,0,0] 0.676758
[318,0,0] -0.949219
[319,0,0] -0.451904
[320,0,0] -0.896973
[321,0,0] 1.07422
[322,0,0] -1.99121
[323,0,0] -1.25391
[324,0,0] 0.650391
[325,0,0] 0.0166016
[326,0,0] -0.430664
[327,0,0] 0.307129
[328,0,0] 0.816406
[329,0,0] -0.435303
[330,0,0] 2.88867
[331,0,0] -1.3125
[332,0,0] 0.663086
[333,0,0] 1.82031
[334,0,0] -0.71875
[335,0,0] 1.26465
[336,0,0] 0.242676
[337,0,0] 0.341797
[338,0,0] 0.717773
[339,0,0] 0.109985
[340,0,0] -0.651367
[341,0,0] 0.301514
[342,0,0] -0.0546875
[343,0,0] 0.0404053
[344,0,0] 1.61719
[345,0,0] 0.130005
[346,0,0] 0.736328
[347,0,0] 0.278564
[348,0,0] 1.61133
[349,0,0] 0.0673218
[350,0,0] -0.00994873
[351,0,0] -0.601562
[352,0,0] 1.48633
[353,0,0] 1.02148
[354,0,0] -0.101318
[355,0,0] 0.379395
[356,0,0] 0.183838
[357,0,0] 0.407715
[358,0,0] -1.50781
[359,0,0] 0.947266
[360,0,0] 0.0389709
[361,0,0] -0.102173
[362,0,0] -0.858887
[363,0,0] 1.2041
[364,0,0] 0.811035
[365,0,0] -1.67969
[366,0,0] -0.705566
[367,0,0] -0.364014
[368,0,0] 0.366211
[369,0,0] 0.345459
[370,0,0] 0.404785
[371,0,0] -0.130859
[372,0,0] 0.539062
[373,0,0] 0.594727
[374,0,0] -0.267334
[375,0,0] -0.00756836
[376,0,0] 0.271729
[377,0,0] -1.33203
[378,0,0] 0.0949707
[379,0,0] 0.846191
[380,0,0] -0.278076
[381,0,0] -1.80371
[382,0,0] 0.258789
[383,0,0] -0.436035
[384,0,0] -0.611328
[385,0,0] 0.494141
[386,0,0] -1.06445
[387,0,0] 1.06934
[388,0,0] 0.303711
[389,0,0] -0.324463
[390,0,0] -0.640137
[391,0,0] -1.0752
[392,0,0] -0.87793
[393,0,0] -0.0778198
[394,0,0] -0.567383
[395,0,0] -1.42188
[396,0,0] 1.57129
[397,0,0] -0.17749
[398,0,0] 0.222168
[399,0,0] 1.53027
[400,0,0] 1.17285
[401,0,0] 0.779297
[402,0,0] 0.450684
[403,0,0] 0.374756
[404,0,0] 0.731445
[405,0,0] -1.3457
[406,0,0] 0.356689
[407,0,0] 0.0687256
[408,0,0] -0.945801
[409,0,0] 2.39453
[410,0,0] -1.09082
[411,0,0] -2.41797
[412,0,0] -0.632324
[413,0,0] -0.434082
[414,0,0] -0.385986
[415,0,0] -0.0369873
[416,0,0] 0.216553
[417,0,0] -1.99902
[418,0,0] 1.29297
[419,0,0] 2.80664
[420,0,0] 0.133545
[421,0,0] 0.0405273
[422,0,0] -1.27051
[423,0,0] -0.919922
[424,0,0] 2.20508
[425,0,0] -1.01074
[426,0,0] -0.303955
[427,0,0] -0.0090332
[428,0,0] -0.0715332
[429,0,0] 0.571289
[430,0,0] -0.401367
[431,0,0] -0.974121
[432,0,0] -0.208984
[433,0,0] 1.25977
[434,0,0] 2.03711
[435,0,0] 0.0167847
[436,0,0] -1.88965
[437,0,0] -0.350342
[438,0,0] 0.663574
[439,0,0] 0.623535
[440,0,0] -0.796875
[441,0,0] -0.908691
[442,0,0] -0.732422
[443,0,0] 2.66797
[444,0,0] -0.828125
[445,0,0] 1.19629
[446,0,0] 3.21484
[447,0,0] -1.10742
[448,0,0] -0.316895
[449,0,0] -0.850586
[450,0,0] -0.000297546
[451,0,0] -2.77539
[452,0,0] -0.608398
[453,0,0] -0.782227
[454,0,0] 1.05469
[455,0,0] 1.55859
[456,0,0] -0.937988
[457,0,0] -0.365234
[458,0,0] -0.345215
[459,0,0] 0.573242
[460,0,0] -0.233276
[461,0,0] 0.345703
[462,0,0] -1.08594
[463,0,0] -1.79688
[464,0,0] 0.822754
[465,0,0] -1.2627
[466,0,0] 0.334717
[467,0,0] -0.204102
[468,0,0] 0.891602
[469,0,0] -0.558594
[470,0,0] -0.321533
[471,0,0] 1.2959
[472,0,0] 1.07617
[473,0,0] -0.202393
[474,0,0] -1.14062
[475,0,0] 0.818359
[476,0,0] -0.378418
[477,0,0] -0.233643
[478,0,0] 0.744141
[479,0,0] -1.94336
[480,0,0] -0.803711
[481,0,0] 1.81641
[482,0,0] -1.39062
[483,0,0] -0.745117
[484,0,0] -0.252197
[485,0,0] -0.793945
[486,0,0] 0.731445
[487,0,0] 2.51172
[488,0,0] -0.394043
[489,0,0] -0.216675
[490,0,0] -0.684082
[491,0,0] -0.476562
[492,0,0] -0.205322
[493,0,0] -0.34375
[494,0,0] -0.00778961
[495,0,0] -2.05273
[496,0,0] -0.06604
[497,0,0] -0.791016
[498,0,0] 0.950195
[499,0,0] 2.84375
[500,0,0] 0.856445
[501,0,0] 0.334717
[502,0,0] 0.189087
[503,0,0] 0.503906
[504,0,0] -0.131714
[505,0,0] 0.909668
[506,0,0] 0.863281
[507,0,0] -0.0761719
[508,0,0] 0.337891
[509,0,0] -0.0654297
[510,0,0] -1.57129
[511,0,0] -1.69531
[512,0,0] 0.263184
[513,0,0] 0.334229
[514,0,0] 0.0276184
[515,0,0] 0.0716553
[516,0,0] -0.119934
[517,0,0] -1.27539
[518,0,0] 0.23291
[519,0,0] -0.133667
[520,0,0] -0.705566
[521,0,0] -1.65527
[522,0,0] 0.0125732
[523,0,0] -0.265869
[524,0,0] 0.414307
[525,0,0] 0.497314
[526,0,0] 0.26123
[527,0,0] -0.985352
[528,0,0] 0.756348
[529,0,0] 0.19751
[530,0,0] -1.38477
[531,0,0] 1.00098
[532,0,0] 1.7207
[533,0,0] -0.78418
[534,0,0] 0.424316
[535,0,0] -0.144409
[536,0,0] -0.878418
[537,0,0] -1.5498
[538,0,0] -1.33789
[539,0,0] 2.1875
[540,0,0] -0.510742
[541,0,0] 0.319824
[542,0,0] 0.186768
[543,0,0] -1.55371
[544,0,0] -0.935059
[545,0,0] -0.238403
[546,0,0] -0.480225
[547,0,0] -0.30957
[548,0,0] 0.44043
[549,0,0] -1.31836
[550,0,0] 0.204102
[551,0,0] -0.668457
[552,0,0] -2.04492
[553,0,0] 0.0686035
[554,0,0] -0.84082
[555,0,0] -1.11914
[556,0,0] 1.5166
[557,0,0] 0.871582
[558,0,0] -1.82422
[559,0,0] -0.539551
[560,0,0] -1.30957
[561,0,0] 0.0585632
[562,0,0] 0.76416
[563,0,0] -0.913086
[564,0,0] 0.275879
[565,0,0] 0.172119
[566,0,0] -0.378906
[567,0,0] -2.16602
[568,0,0] -1.68164
[569,0,0] 1.50488
[570,0,0] 0.13562
[571,0,0] 0.0557861
[572,0,0] 0.750488
[573,0,0] 2.30273
[574,0,0] -0.160889
[575,0,0] 1.46777
[576,0,0] 0.366699
[577,0,0] 0.12561
[578,0,0] -0.306152
[579,0,0] -0.0200653
[580,0,0] 0.118896
[581,0,0] -0.243774
[582,0,0] 0.369141
[583,0,0] 0.0317383
[584,0,0] 1.21484
[585,0,0] -0.0229492
[586,0,0] -0.58252
[587,0,0] -0.122559
[588,0,0] 0.0482178
[589,0,0] 0.294678
[590,0,0] 0.292725
[591,0,0] 0.0800781
[592,0,0] 0.535645
[593,0,0] -0.453613
[594,0,0] 1.6875
[595,0,0] 1.77832
[596,0,0] 0.65332
[597,0,0] 1.56445
[598,0,0] 1.1543
[599,0,0] 0.807617
[600,0,0] 0.841797
[601,0,0] -0.335205
[602,0,0] 0.118286
[603,0,0] 0.0810547
[604,0,0] 1.42871
[605,0,0] -0.0226135
[606,0,0] -0.146973
[607,0,0] -0.953613
[608,0,0] 2.95508
[609,0,0] 2.28711
[610,0,0] 0.311523
[611,0,0] -1.14062
[612,0,0] 0.280273
[613,0,0] -0.998535
[614,0,0] -0.474854
[615,0,0] 0.237305
[616,0,0] -0.848633
[617,0,0] -0.263672
[618,0,0] 0.856934
[619,0,0] -0.00201607
[620,0,0] -1.47461
[621,0,0] 0.742188
[622,0,0] 0.78418
[623,0,0] 0.0646973
[624,0,0] 0.0665283
[625,0,0] -0.275146
[626,0,0] -0.341064
[627,0,0] -0.947266
[628,0,0] 0.0563965
[629,0,0] 0.0012207
[630,0,0] -0.0701904
[631,0,0] -0.0264893
[632,0,0] 1.03906
[633,0,0] -0.947266
[634,0,0] -0.196533
[635,0,0] 0.445312
[636,0,0] -0.419922
[637,0,0] 0.345703
[638,0,0] 0.446289
[639,0,0] 1.27148
[640,0,0] 0.731445
[641,0,0] 1.06543
[642,0,0] -0.617676
[643,0,0] 0.412354
[644,0,0] -0.592773
[645,0,0] -1.09473
[646,0,0] -1.4248
[647,0,0] 0.991699
[648,0,0] -0.0917969
[649,0,0] 1.16895
[650,0,0] 0.452148
[651,0,0] -0.458008
[652,0,0] 3.23047
[653,0,0] -0.145752
[654,0,0] -0.0444336
[655,0,0] 0.939453
[656,0,0] -0.944824
[657,0,0] -1.45508
[658,0,0] -1.39062
[659,0,0] 0.51123
[660,0,0] -1.23145
[661,0,0] -0.324463
[662,0,0] -0.269043
[663,0,0] -0.538086
[664,0,0] -0.346191
[665,0,0] 0.203979
[666,0,0] -0.37085
[667,0,0] 0.860352
[668,0,0] -0.414551
[669,0,0] 0.342285
[670,0,0] -0.507812
[671,0,0] -2.41406
[672,0,0] -0.0949097
[673,0,0] 0.651367
[674,0,0] -0.32251
[675,0,0] 3.35547
[676,0,0] 0.494873
[677,0,0] -0.13501
[678,0,0] 0.218872
[679,0,0] 0.825195
[680,0,0] -0.59375
[681,0,0] 2.52539
[682,0,0] 1.14258
[683,0,0] 1.73242
[684,0,0] -0.887695
[685,0,0] 1.92285
[686,0,0] 0.432861
[687,0,0] -0.683594
[688,0,0] -0.399902
[689,0,0] -0.123291
[690,0,0] -1.32812
[691,0,0] -0.988281
[692,0,0] 0.103271
[693,0,0] -0.132324
[694,0,0] -0.466064
[695,0,0] -0.436035
[696,0,0] -0.327393
[697,0,0] 1.53906
[698,0,0] -0.333252
[699,0,0] 1.51953
[700,0,0] 2.18945
[701,0,0] 0.338867
[702,0,0] -0.354492
[703,0,0] 0.0554504
[704,0,0] -0.399902
[705,0,0] 1.07422
[706,0,0] -0.461914
[707,0,0] -0.73877
[708,0,0] -1.14453
[709,0,0] -1.10938
[710,0,0] -1.50488
[711,0,0] 1.80371
[712,0,0] 1.28809
[713,0,0] 1.61035
[714,0,0] -0.182617
[715,0,0] -0.850098
[716,0,0] -0.175293
[717,0,0] 0.639648
[718,0,0] -2.38477
[719,0,0] -0.682617
[720,0,0] 1.83887
[721,0,0] 0.501465
[722,0,0] 0.124817
[723,0,0] -0.334473
[724,0,0] 0.466064
[725,0,0] -0.4729
[726,0,0] -0.0281067
[727,0,0] 1.58984
[728,0,0] -0.818359
[729,0,0] 1.06934
[730,0,0] -0.571289
[731,0,0] -1.05371
[732,0,0] -1.05176
[733,0,0] 0.541992
[734,0,0] -0.822266
[735,0,0] 0.526855
[736,0,0] -0.949219
[737,0,0] 0.158203
[738,0,0] 0.571289
[739,0,0] 0.373779
[740,0,0] -0.828613
[741,0,0] -0.14209
[742,0,0] -0.118774
[743,0,0] 1.37695
[744,0,0] 1.36133
[745,0,0] -0.779785
[746,0,0] -0.148315
[747,0,0] 1.04785
[748,0,0] -0.134033
[749,0,0] -0.0335388
[750,0,0] 0.0803223
[751,0,0] -0.570312
[752,0,0] 0.193237
[753,0,0] -0.581543
[754,0,0] -0.387939
[755,0,0] -1.15137
[756,0,0] 0.493652
[757,0,0] -2.1582
[758,0,0] 0.500488
[759,0,0] 1.71582
[760,0,0] -0.222168
[761,0,0] 0.731445
[762,0,0] 0.526855
[763,0,0] -0.349121
[764,0,0] -0.33252
[765,0,0] -0.275635
[766,0,0] -1.24609
[767,0,0] -1.5498
[768,0,0] -1.38281
[769,0,0] -0.217529
[770,0,0] 0.488037
[771,0,0] 0.0169678
[772,0,0] 0.493408
[773,0,0] -0.0685425
[774,0,0] 0.459473
[775,0,0] -1.0
[776,0,0] -0.275391
[777,0,0] 1.12402
[778,0,0] 0.797363
[779,0,0] 0.672363
[780,0,0] 1.10352
[781,0,0] -0.268311
[782,0,0] 1.65039
[783,0,0] -0.572754
[784,0,0] -0.153687
[785,0,0] 0.925781
[786,0,0] 0.135742
[787,0,0] 1.41797
[788,0,0] 0.575684
[789,0,0] -0.127686
[790,0,0] 0.894531
[791,0,0] -0.295654
[792,0,0] -0.168457
[793,0,0] 0.331299
[794,0,0] 0.340332
[795,0,0] -0.5625
[796,0,0] 0.145752
[797,0,0] 0.651367
[798,0,0] 0.115967
[799,0,0] 0.748535
[800,0,0] 1.87305
[801,0,0] 0.16394
[802,0,0] -0.594238
[803,0,0] 0.0690918
[804,0,0] 1.04199
[805,0,0] 0.260254
[806,0,0] 0.620605
[807,0,0] -0.16333
[808,0,0] 0.541992
[809,0,0] 2.0293
[810,0,0] 1.66309
[811,0,0] 2.75586
[812,0,0] 1.64551
[813,0,0] 0.482422
[814,0,0] -0.551758
[815,0,0] 0.371826
[816,0,0] -0.249634
[817,0,0] -1.78125
[818,0,0] 0.104492
[819,0,0] 0.336426
[820,0,0] 0.887695
[821,0,0] 0.437256
[822,0,0] 0.888184
[823,0,0] -0.790039
[824,0,0] 1.16016
[825,0,0] -1.05078
[826,0,0] -0.602051
[827,0,0] -1.90234
[828,0,0] 0.331787
[829,0,0] 0.430664
[830,0,0] -0.219727
[831,0,0] 1.0957
[832,0,0] -0.523438
[833,0,0] -0.623535
[834,0,0] 0.246094
[835,0,0] 1.85254
[836,0,0] 0.368652
[837,0,0] -1.62793
[838,0,0] 0.78418
[839,0,0] -0.962891
[840,0,0] 0.0281982
[841,0,0] -1.00586
[842,0,0] -0.0861816
[843,0,0] -0.519043
[844,0,0] -1.02148
[845,0,0] 0.0932617
[846,0,0] -0.693359
[847,0,0] 0.30835
[848,0,0] 0.199219
[849,0,0] 0.927734
[850,0,0] 0.667969
[851,0,0] -0.153198
[852,0,0] 0.286865
[853,0,0] -1.35059
[854,0,0] 0.943359
[855,0,0] 0.13208
[856,0,0] 1.3457
[857,0,0] 2.56641
[858,0,0] 0.849609
[859,0,0] 0.791504
[860,0,0] -0.127075
[861,0,0] -0.370605
[862,0,0] 0.428711
[863,0,0] 0.888672
[864,0,0] 0.709961
[865,0,0] -0.388184
[866,0,0] 0.726562
[867,0,0] -0.36377
[868,0,0] -0.408203
[869,0,0] 0.829102
[870,0,0] -0.839844
[871,0,0] -1.52734
[872,0,0] 0.750488
[873,0,0] 0.90332
[874,0,0] -0.0551758
[875,0,0] 0.395996
[876,0,0] -0.167847
[877,0,0] -2.65625
[878,0,0] -0.312988
[879,0,0] -0.454834
[880,0,0] -1.97559
[881,0,0] 0.370605
[882,0,0] -1.13086
[883,0,0] 0.719727
[884,0,0] 0.0175781
[885,0,0] -0.230225
[886,0,0] 0.387207
[887,0,0] -1.64648
[888,0,0] -2.58398
[889,0,0] 0.177246
[890,0,0] 2.25
[891,0,0] -0.0734863
[892,0,0] -0.615234
[893,0,0] -0.116211
[894,0,0] -0.666016
[895,0,0] 1.32031
[896,0,0] -0.622559
[897,0,0] 1.24805
[898,0,0] 0.133179
[899,0,0] 0.0098877
[900,0,0] -0.417725
[901,0,0] 0.80127
[902,0,0] -0.050415
[903,0,0] -1.13965
[904,0,0] -0.514648
[905,0,0] 0.339844
[906,0,0] 0.0280762
[907,0,0] -0.712891
[908,0,0] -0.838867
[909,0,0] 1.1377
[910,0,0] 0.668945
[911,0,0] -1.39062
[912,0,0] -0.605957
[913,0,0] 0.650391
[914,0,0] 0.323486
[915,0,0] 0.400391
[916,0,0] -2.0
[917,0,0] 1.06348
[918,0,0] 1.6748
[919,0,0] 1.19043
[920,0,0] 0.770996
[921,0,0] -1.03125
[922,0,0] 0.480957
[923,0,0] -0.707031
[924,0,0] -1.63867
[925,0,0] 0.924805
[926,0,0] 1.74316
[927,0,0] 1.13281
[928,0,0] 0.0936279
[929,0,0] -1.06348
[930,0,0] -0.195435
[931,0,0] -0.624512
[932,0,0] -2.26562
[933,0,0] -1.0498
[934,0,0] 0.875
[935,0,0] 1.85059
[936,0,0] -1.72559
[937,0,0] 0.196045
[938,0,0] -2.88086
[939,0,0] 1.98535
[940,0,0] -0.119507
[941,0,0] 1.46387
[942,0,0] -0.111084
[943,0,0] 0.884766
[944,0,0] 0.0473633
[945,0,0] -0.198242
[946,0,0] -0.788086
[947,0,0] -0.0178223
[948,0,0] -0.357666
[949,0,0] 0.674316
[950,0,0] -0.00341797
[951,0,0] 1.5918
[952,0,0] 0.342285
[953,0,0] 1.65527
[954,0,0] 1.86426
[955,0,0] 0.0980225
[956,0,0] 1.5957
[957,0,0] 0.0932007
[958,0,0] 0.760254
[959,0,0] -0.842773
[960,0,0] -1.64062
[961,0,0] -1.47461
[962,0,0] 0.249268
[963,0,0] -0.0790405
[964,0,0] 0.435303
[965,0,0] 2.00391
[966,0,0] -0.640137
[967,0,0] 0.229492
[968,0,0] -1.24219
[969,0,0] -0.678223
[970,0,0] 0.740234
[971,0,0] -2.11328
[972,0,0] -0.297852
[973,0,0] -0.191162
[974,0,0] -2.38281
[975,0,0] -0.0143738
[976,0,0] 0.561035
[977,0,0] -0.99707
[978,0,0] -0.598633
[979,0,0] 0.70752
[980,0,0] -0.156494
[981,0,0] 0.520996
[982,0,0] -0.333008
[983,0,0] -0.175293
[984,0,0] 0.482422
[985,0,0] -0.0791016
[986,0,0] 0.333008
[987,0,0] -0.770508
[988,0,0] -0.19043
[989,0,0] -0.713379
[990,0,0] 0.29248
[991,0,0] -1.14258
[992,0,0] 0.564453
[993,0,0] -0.12854
[994,0,0] -0.0358276
[995,0,0] 0.212158
[996,0,0] -0.414062
[997,0,0] 0.46167
[998,0,0] -0.609863
[999,0,0] -2.42188
[1000,0,0] 0.750977
[1001,0,0] -0.19751
[1002,0,0] 1.48242
[1003,0,0] -0.0443726
[1004,0,0] -0.518555
[1005,0,0] 1.31641
[1006,0,0] 0.668945
[1007,0,0] 0.654297
[1008,0,0] 1.73047
[1009,0,0] 0.148438
[1010,0,0] -0.0981445
[1011,0,0] 2.16797
[1012,0,0] 0.700684
[1013,0,0] 1.1416
[1014,0,0] -1.53613
[1015,0,0] -0.921387
[1016,0,0] 0.75293
[1017,0,0] -0.454102
[1018,0,0] 0.50293
[1019,0,0] -0.589355
[1020,0,0] 0.759277
[1021,0,0] -1.01074
[1022,0,0] -0.142212
[1023,0,0] 0.679199
